kernel Name :  poly
1 0.8590062111801242 0.8246376811594203
2 0.9003105590062112 0.8594202898550725
3 0.9186335403726708 0.8724637681159421
4 0.9301242236024845 0.8826086956521739
5 0.9385093167701863 0.8942028985507247
6 0.9437888198757765 0.9014492753623189
7 0.9475155279503106 0.9
8 0.9484472049689441 0.9065217391304348
9 0.9496894409937888 0.9094202898550725
10 0.953416149068323 0.9065217391304348
11 0.9546583850931677 0.908695652173913
12 0.9577639751552796 0.9108695652173913
13 0.9571428571428572 0.9115942028985508
14 0.9593167701863354 0.9101449275362319
15 0.9596273291925466 0.9115942028985508
16 0.9593167701863354 0.9115942028985508
17 0.9605590062111802 0.9123188405797101
18 0.9614906832298137 0.9123188405797101
19 0.9627329192546584 0.9130434782608695
20 0.9639751552795031 0.9123188405797101
21 0.9639751552795031 0.9115942028985508
22 0.9642857142857143 0.9123188405797101
23 0.9645962732919254 0.9123188405797101
24 0.9642857142857143 0.9123188405797101
25 0.9639751552795031 0.9123188405797101
26 0.9649068322981367 0.9123188405797101
27 0.9649068322981367 0.9130434782608695
28 0.9652173913043478 0.9130434782608695
29 0.9652173913043478 0.9130434782608695
30 0.965527950310559 0.9123188405797101
31 0.9658385093167702 0.9115942028985508
32 0.9661490683229814 0.9115942028985508
33 0.9661490683229814 0.9108695652173913
34 0.9667701863354037 0.9101449275362319
35 0.9667701863354037 0.9094202898550725
36 0.9667701863354037 0.9101449275362319
37 0.9670807453416149 0.908695652173913
38 0.9670807453416149 0.9079710144927536
39 0.967391304347826 0.9079710144927536
40 0.967391304347826 0.9079710144927536
41 0.967391304347826 0.9072463768115943
42 0.967391304347826 0.9057971014492754
43 0.9677018633540373 0.9065217391304348
44 0.9680124223602484 0.9065217391304348
45 0.9680124223602484 0.9057971014492754
46 0.9680124223602484 0.9057971014492754
47 0.9680124223602484 0.9065217391304348
48 0.9680124223602484 0.9057971014492754
49 0.9683229813664597 0.9057971014492754
