kernel Name :  rbf
0.1 0.9158385093167701 0.8898550724637682
0.5 0.9406832298136646 0.9130434782608695
1 0.9509316770186336 0.9246376811594202
2 0.9580745341614907 0.9231884057971015
3 0.9611801242236024 0.9239130434782609
4 0.9627329192546584 0.9260869565217391
5 0.9667701863354037 0.9239130434782609
6 0.9677018633540373 0.9239130434782609
7 0.9680124223602484 0.9231884057971015
8 0.9680124223602484 0.9210144927536232
9 0.9692546583850932 0.9217391304347826
10 0.9692546583850932 0.922463768115942
11 0.9698757763975155 0.9231884057971015
12 0.9698757763975155 0.9246376811594202
13 0.970807453416149 0.9253623188405797
14 0.9726708074534162 0.9253623188405797
15 0.9748447204968944 0.9246376811594202
16 0.9745341614906833 0.9246376811594202
17 0.9748447204968944 0.9253623188405797
18 0.9751552795031055 0.9253623188405797
19 0.9754658385093168 0.9253623188405797
20 0.9763975155279503 0.9246376811594202
21 0.9770186335403727 0.9253623188405797
22 0.977639751552795 0.9253623188405797
23 0.9782608695652174 0.9246376811594202
24 0.9782608695652174 0.9239130434782609
25 0.9782608695652174 0.9231884057971015
26 0.9788819875776398 0.922463768115942
27 0.9791925465838509 0.9239130434782609
28 0.9795031055900622 0.9231884057971015
29 0.9795031055900622 0.9239130434782609
30 0.9795031055900622 0.9239130434782609
31 0.9795031055900622 0.9246376811594202
32 0.9795031055900622 0.9246376811594202
33 0.9801242236024845 0.9246376811594202
34 0.9801242236024845 0.9253623188405797
35 0.9801242236024845 0.9253623188405797
36 0.9801242236024845 0.9246376811594202
37 0.9801242236024845 0.9246376811594202
38 0.9801242236024845 0.9253623188405797
39 0.9801242236024845 0.9231884057971015
40 0.9801242236024845 0.9231884057971015
41 0.9801242236024845 0.9231884057971015
42 0.9801242236024845 0.9231884057971015
43 0.9804347826086957 0.9239130434782609
44 0.9804347826086957 0.9246376811594202
45 0.9804347826086957 0.9253623188405797
46 0.981055900621118 0.9253623188405797
47 0.9816770186335404 0.9260869565217391
48 0.9819875776397515 0.9260869565217391
49 0.9819875776397515 0.9260869565217391
